{
  "best_epoch": 39,
  "best_val_loss": 1.5896538496017456,
  "metrics": {
    "mae": 0.03230433166027069,
    "kl": 0.39583638310432434,
    "js_mean": 0.10850892578376452,
    "cos_sim": 0.9686805605888367,
    "r2": -0.14941583573818207,
    "max_error": 0.7425742149353027,
    "best_epoch": 39,
    "best_val_loss": 1.5896538496017456
  }
}